[Camera]
cam_idx = 0
ax = 1579.31034483
bx = 90
ay = 1496.55172414
by = 15
thresh = 200
rect_org_px = (90, 15)
rect_end_px = (548, 449)
ball_area_min = 100
ball_area_max = 1500

[Motors]
port = COM1
baudrate = 115200
parity = N
stopbits = 1
bytesize = 8
timeout = 500
write_timeout = 500
phi_1_max_pw = 2324
phi_1_nul_pw = 1522
phi_1_min_pw = 501
phi_2_max_pw = 819
phi_2_nul_pw = 1480
phi_2_min_pw = 2499

[Controller]
x0 = 0.15
y0 = 0.15
td = 0.1

