G = [[ 3.1118,    1.5459,    1.2104,    0.8748,    0.5392,    0.2037,   -1.3622],
        [   2.5286,    0.9627,    0.6272,    0.2916,   -0.0439,   -0.3795,   -1.9454],
        [  2.3828,    0.8169,    0.4814,    0.1458,   -0.1898,   -0.5253,   -2.0912],
        [ 2.2370,    0.6711,    0.3356,         0,   -0.3356,   -0.6711,   -2.2370],
        [2.0912,    0.5253,    0.1898,   -0.1458,   -0.4814,   -0.8169,   -2.3828],
        [ 1.9454,    0.3795,    0.0439,   -0.2916,   -0.6272,   -0.9627,   -2.5286],
        [1.3622,   -0.2037,   -0.5392,   -0.8748,   -1.2104,   -1.5459,   -3.1118]]